#Time Series
0  0.402054
5e-06  0.402523
1e-05  0.403039
1.5e-05  0.403601
2e-05  0.404209
2.5e-05  0.404863
3e-05  0.405561
3.5e-05  0.406302
4e-05  0.407087
4.5e-05  0.407915
5e-05  0.408783
5.5e-05  0.409693
6e-05  0.410642
6.5e-05  0.41163
7e-05  0.412656
7.5e-05  0.413719
8e-05  0.414817
8.5e-05  0.41595
9e-05  0.417117
9.5e-05  0.418317
0.0001  0.419547
0.000105  0.420808
0.00011  0.422097
0.000115  0.423414
0.00012  0.424758
0.000125  0.426126
0.00013  0.427518
0.000135  0.428932
0.00014  0.430366
0.000145  0.43182
0.00015  0.433292
0.000155  0.434781
0.00016  0.436284
0.000165  0.437801
0.00017  0.43933
0.000175  0.44087
0.00018  0.442419
0.000185  0.443975
0.00019  0.445537
0.000195  0.447103
0.0002  0.448673
0.000205  0.450243
0.00021  0.451814
0.000215  0.453382
0.00022  0.454948
0.000225  0.456508
0.00023  0.458062
0.000235  0.459608
0.00024  0.461145
0.000245  0.46267
0.00025  0.464183
0.000255  0.465682
0.00026  0.467166
0.000265  0.468632
0.00027  0.470081
0.000275  0.471509
0.00028  0.472916
0.000285  0.474301
0.00029  0.475661
0.000295  0.476997
0.0003  0.478305
0.000305  0.479586
0.00031  0.480837
0.000315  0.482058
0.00032  0.483248
0.000325  0.484404
0.00033  0.485527
0.000335  0.486615
0.00034  0.487666
0.000345  0.48868
0.00035  0.489656
0.000355  0.490593
0.00036  0.49149
0.000365  0.492346
0.00037  0.49316
0.000375  0.493932
0.00038  0.49466
0.000385  0.495344
0.00039  0.495984
0.000395  0.496578
0.0004  0.497126
0.000405  0.497627
0.00041  0.498082
0.000415  0.498489
0.00042  0.498848
0.000425  0.499159
0.00043  0.499422
0.000435  0.499636
0.00044  0.4998
0.000445  0.499916
0.00045  0.499982
0.000455  0.499999
0.00046  0.499967
0.000465  0.499885
0.00047  0.499755
0.000475  0.499575
0.00048  0.499346
0.000485  0.499068
0.00049  0.498742
0.000495  0.498368
0.0005  0.497946
0.000505  0.497477
0.00051  0.496961
0.000515  0.496399
0.00052  0.495791
0.000525  0.495137
0.00053  0.494439
0.000535  0.493698
0.00054  0.492913
0.000545  0.492085
0.00055  0.491217
0.000555  0.490307
0.00056  0.489358
0.000565  0.48837
0.00057  0.487344
0.000575  0.486281
0.00058  0.485183
0.000585  0.48405
0.00059  0.482883
0.000595  0.481683
0.0006  0.480453
0.000605  0.479192
0.00061  0.477903
0.000615  0.476586
0.00062  0.475242
0.000625  0.473874
0.00063  0.472482
0.000635  0.471068
0.00064  0.469634
0.000645  0.46818
0.00065  0.466708
0.000655  0.465219
0.00066  0.463716
0.000665  0.462199
0.00067  0.46067
0.000675  0.45913
0.00068  0.457581
0.000685  0.456025
0.00069  0.454463
0.000695  0.452897
0.0007  0.451327
0.000705  0.449757
0.00071  0.448186
0.000715  0.446618
0.00072  0.445052
0.000725  0.443492
0.00073  0.441938
0.000735  0.440392
0.00074  0.438855
0.000745  0.43733
0.00075  0.435817
0.000755  0.434318
0.00076  0.432834
0.000765  0.431368
0.00077  0.429919
0.000775  0.428491
0.00078  0.427084
0.000785  0.425699
0.00079  0.424339
0.000795  0.423003
0.0008  0.421695
0.000805  0.420414
0.00081  0.419163
0.000815  0.417942
0.00082  0.416752
0.000825  0.415596
0.00083  0.414473
0.000835  0.413385
0.00084  0.412334
0.000845  0.41132
0.00085  0.410344
0.000855  0.409407
0.00086  0.40851
0.000865  0.407654
0.00087  0.40684
0.000875  0.406068
0.00088  0.40534
0.000885  0.404656
0.00089  0.404016
0.000895  0.403422
0.0009  0.402874
0.000905  0.402373
0.00091  0.401918
0.000915  0.401511
0.00092  0.401152
0.000925  0.400841
0.00093  0.400578
0.000935  0.400364
0.00094  0.4002
0.000945  0.400084
0.00095  0.400018
0.000955  0.400001
0.00096  0.400033
0.000965  0.400115
0.00097  0.400245
0.000975  0.400425
0.00098  0.400654
0.000985  0.400932
0.00099  0.401258
0.000995  0.401632
